-- Obfuscated with LauGaurd
local _lg_t={}
local _lg_load=load or loadstring
if not _lg_load then error('LauGaurd: Lua loader unavailable') end
_lg_t[1]=string.char(45,45,32,68,117,110,103,101,111,110,32,72,101,114,111,32,83,99,114,105,112,116,32,66,121,32,75,114,121,112,116,101,120,13,10,45,45,32,76,111,99,97,108,32,102,97,107,101,45,101,120,101,99,117,116,111,114,32,118,101,114,115,105,111,110,32,117,115,105,110,103,32,70,108,117,120,85,73,32,76,105,98,114,97,114,121,46,13,10,45,45,32,70,108,117,120)
_lg_t[2]=string.char(85,73,32,115,111,117,114,99,101,32,105,115,32,102,101,116,99,104,101,100,44,32,112,97,116,99,104,101,100,32,116,111,32,112,97,114,101,110,116,32,105,110,116,111,32,80,108,97,121,101,114,71,117,105,44,32,116,104,101,110,32,117,115,101,100,32,110,111,114,109,97,108,108,121,46,13,10,13,10,108,111,99,97,108,32,80,108,97,121,101,114,115,32,61,32,103)
_lg_t[3]=string.char(97,109,101,58,71,101,116,83,101,114,118,105,99,101,40,34,80,108,97,121,101,114,115,34,41,13,10,108,111,99,97,108,32,82,117,110,83,101,114,118,105,99,101,32,61,32,103,97,109,101,58,71,101,116,83,101,114,118,105,99,101,40,34,82,117,110,83,101,114,118,105,99,101,34,41,13,10,108,111,99,97,108,32,82,101,112,108,105,99,97,116,101,100,83,116,111)
_lg_t[4]=string.char(114,97,103,101,32,61,32,103,97,109,101,58,71,101,116,83,101,114,118,105,99,101,40,34,82,101,112,108,105,99,97,116,101,100,83,116,111,114,97,103,101,34,41,13,10,13,10,108,111,99,97,108,32,112,108,97,121,101,114,32,61,32,80,108,97,121,101,114,115,46,76,111,99,97,108,80,108,97,121,101,114,13,10,105,102,32,110,111,116,32,112,108,97,121,101,114)
_lg_t[5]=string.char(32,116,104,101,110,13,10,32,32,32,32,119,97,114,110,40,34,91,75,114,121,112,116,101,120,93,32,84,104,105,115,32,115,99,114,105,112,116,32,109,117,115,116,32,114,117,110,32,111,110,32,116,104,101,32,99,108,105,101,110,116,46,34,41,13,10,32,32,32,32,114,101,116,117,114,110,13,10,101,110,100,13,10,13,10,108,111,99,97,108,32,112,108,97,121,101)
_lg_t[6]=string.char(114,71,117,105,32,61,32,112,108,97,121,101,114,58,87,97,105,116,70,111,114,67,104,105,108,100,40,34,80,108,97,121,101,114,71,117,105,34,41,13,10,108,111,99,97,108,32,109,111,98,115,70,111,108,100,101,114,32,61,32,119,111,114,107,115,112,97,99,101,58,87,97,105,116,70,111,114,67,104,105,108,100,40,34,77,111,98,115,34,44,32,50,48,41,13,10)
_lg_t[7]=string.char(108,111,99,97,108,32,114,101,109,111,116,101,115,32,61,32,82,101,112,108,105,99,97,116,101,100,83,116,111,114,97,103,101,58,87,97,105,116,70,111,114,67,104,105,108,100,40,34,82,101,109,111,116,101,115,34,44,32,50,48,41,13,10,13,10,105,102,32,110,111,116,32,109,111,98,115,70,111,108,100,101,114,32,116,104,101,110,13,10,32,32,32,32,119,97,114)
_lg_t[8]=string.char(110,40,34,91,75,114,121,112,116,101,120,93,32,87,111,114,107,115,112,97,99,101,46,77,111,98,115,32,119,97,115,32,110,111,116,32,102,111,117,110,100,46,34,41,13,10,32,32,32,32,114,101,116,117,114,110,13,10,101,110,100,13,10,13,10,105,102,32,110,111,116,32,114,101,109,111,116,101,115,32,116,104,101,110,13,10,32,32,32,32,119,97,114,110,40,34)
_lg_t[9]=string.char(91,75,114,121,112,116,101,120,93,32,82,101,112,108,105,99,97,116,101,100,83,116,111,114,97,103,101,46,82,101,109,111,116,101,115,32,119,97,115,32,110,111,116,32,102,111,117,110,100,46,34,41,13,10,32,32,32,32,114,101,116,117,114,110,13,10,101,110,100,13,10,13,10,108,111,99,97,108,32,100,111,69,102,102,101,99,116,32,61,32,114,101,109,111,116,101)
_lg_t[10]=string.char(115,58,87,97,105,116,70,111,114,67,104,105,108,100,40,34,68,111,69,102,102,101,99,116,34,44,32,50,48,41,13,10,108,111,99,97,108,32,117,115,101,83,107,105,108,108,32,61,32,114,101,109,111,116,101,115,58,70,105,110,100,70,105,114,115,116,67,104,105,108,100,40,34,85,115,101,83,107,105,108,108,34,41,13,10,108,111,99,97,108,32,117,110,112,97,99)
_lg_t[11]=string.char(107,65,114,103,115,32,61,32,116,97,98,108,101,46,117,110,112,97,99,107,32,111,114,32,117,110,112,97,99,107,13,10,13,10,105,102,32,110,111,116,32,100,111,69,102,102,101,99,116,32,116,104,101,110,13,10,32,32,32,32,119,97,114,110,40,34,91,75,114,121,112,116,101,120,93,32,82,101,112,108,105,99,97,116,101,100,83,116,111,114,97,103,101,46,82,101)
_lg_t[12]=string.char(109,111,116,101,115,46,68,111,69,102,102,101,99,116,32,119,97,115,32,110,111,116,32,102,111,117,110,100,46,34,41,13,10,32,32,32,32,114,101,116,117,114,110,13,10,101,110,100,13,10,13,10,108,111,99,97,108,32,111,108,100,70,108,117,120,32,61,32,112,108,97,121,101,114,71,117,105,58,70,105,110,100,70,105,114,115,116,67,104,105,108,100,40,34,70,108)
_lg_t[13]=string.char(117,120,76,105,98,34,41,13,10,105,102,32,111,108,100,70,108,117,120,32,116,104,101,110,13,10,32,32,32,32,111,108,100,70,108,117,120,58,68,101,115,116,114,111,121,40,41,13,10,101,110,100,13,10,13,10,108,111,99,97,108,32,99,111,110,102,105,103,32,61,32,123,13,10,32,32,32,32,101,110,97,98,108,101,100,32,61,32,116,114,117,101,44,13,10,32)
_lg_t[14]=string.char(32,32,32,97,116,116,97,99,107,69,110,97,98,108,101,100,32,61,32,116,114,117,101,44,13,10,32,32,32,32,97,116,116,97,99,107,65,108,108,32,61,32,116,114,117,101,44,13,10,32,32,32,32,107,105,108,108,65,117,114,97,69,110,97,98,108,101,100,32,61,32,116,114,117,101,44,13,10,32,32,32,32,111,114,98,105,116,69,110,97,98,108,101,100,32,61)
_lg_t[15]=string.char(32,116,114,117,101,44,13,10,32,32,32,32,104,105,103,104,108,105,103,104,116,84,97,114,103,101,116,32,61,32,116,114,117,101,44,13,10,32,32,32,32,102,105,114,101,98,97,108,108,83,107,105,108,108,32,61,32,102,97,108,115,101,44,13,10,32,32,32,32,116,97,114,103,101,116,77,111,100,101,32,61,32,34,78,101,97,114,101,115,116,34,44,13,10,32,32)
_lg_t[16]=string.char(32,32,112,114,111,106,101,99,116,105,108,101,78,97,109,101,32,61,32,34,77,97,103,105,99,66,111,108,116,80,114,111,106,101,99,116,105,108,101,34,44,13,10,32,32,32,32,102,97,114,109,82,97,110,103,101,32,61,32,55,48,48,44,13,10,32,32,32,32,109,97,120,84,97,114,103,101,116,115,32,61,32,56,44,13,10,32,32,32,32,97,116,116,97,99,107)
_lg_t[17]=string.char(68,101,108,97,121,32,61,32,48,46,49,56,44,13,10,32,32,32,32,107,105,108,108,65,117,114,97,82,97,100,105,117,115,32,61,32,52,53,44,13,10,32,32,32,32,107,105,108,108,65,117,114,97,68,101,108,97,121,32,61,32,48,46,49,50,44,13,10,32,32,32,32,107,105,108,108,65,117,114,97,84,97,114,103,101,116,115,32,61,32,49,50,44,13,10,32)
_lg_t[18]=string.char(32,32,32,111,114,98,105,116,82,97,100,105,117,115,32,61,32,49,48,44,13,10,32,32,32,32,111,114,98,105,116,72,101,105,103,104,116,32,61,32,53,44,13,10,32,32,32,32,111,114,98,105,116,83,112,101,101,100,32,61,32,52,44,13,10,32,32,32,32,112,114,111,106,101,99,116,105,108,101,83,112,101,101,100,32,61,32,52,53,44,13,10,32,32,32,32)
_lg_t[19]=string.char(112,114,111,106,101,99,116,105,108,101,76,105,102,101,116,105,109,101,32,61,32,53,44,13,10,32,32,32,32,111,114,105,103,105,110,72,101,105,103,104,116,32,61,32,50,44,13,10,32,32,32,32,97,105,109,72,101,105,103,104,116,32,61,32,49,46,53,44,13,10,125,13,10,13,10,108,111,99,97,108,32,115,116,97,116,101,32,61,32,123,13,10,32,32,32,32)
_lg_t[20]=string.char(116,97,114,103,101,116,32,61,32,110,105,108,44,13,10,32,32,32,32,97,110,103,108,101,32,61,32,48,44,13,10,32,32,32,32,108,97,115,116,65,116,116,97,99,107,32,61,32,48,44,13,10,32,32,32,32,108,97,115,116,65,117,114,97,32,61,32,48,44,13,10,32,32,32,32,115,104,111,116,115,32,61,32,48,44,13,10,32,32,32,32,97,117,114,97,83)
_lg_t[21]=string.char(104,111,116,115,32,61,32,48,44,13,10,32,32,32,32,109,111,98,115,32,61,32,48,44,13,10,32,32,32,32,108,97,115,116,69,114,114,111,114,32,61,32,34,78,111,110,101,34,44,13,10,125,13,10,13,10,108,111,99,97,108,32,102,117,110,99,116,105,111,110,32,102,101,116,99,104,85,114,108,40,117,114,108,41,13,10,32,32,32,32,108,111,99,97,108,32)
_lg_t[22]=string.char(97,116,116,101,109,112,116,115,32,61,32,123,13,10,32,32,32,32,32,32,32,32,102,117,110,99,116,105,111,110,40,41,13,10,32,32,32,32,32,32,32,32,32,32,32,32,114,101,116,117,114,110,32,103,97,109,101,58,72,116,116,112,71,101,116,40,117,114,108,41,13,10,32,32,32,32,32,32,32,32,101,110,100,44,13,10,32,32,32,32,32,32,32,32,102,117)
_lg_t[23]=string.char(110,99,116,105,111,110,40,41,13,10,32,32,32,32,32,32,32,32,32,32,32,32,105,102,32,116,121,112,101,40,103,97,109,101,46,72,116,116,112,71,101,116,41,32,61,61,32,34,102,117,110,99,116,105,111,110,34,32,116,104,101,110,13,10,32,32,32,32,32,32,32,32,32,32,32,32,32,32,32,32,114,101,116,117,114,110,32,103,97,109,101,46,72,116,116,112)
_lg_t[24]=string.char(71,101,116,40,103,97,109,101,44,32,117,114,108,41,13,10,32,32,32,32,32,32,32,32,32,32,32,32,101,110,100,13,10,32,32,32,32,32,32,32,32,32,32,32,32,101,114,114,111,114,40,34,103,97,109,101,46,72,116,116,112,71,101,116,32,117,110,97,118,97,105,108,97,98,108,101,34,41,13,10,32,32,32,32,32,32,32,32,101,110,100,44,13,10,32,32)
_lg_t[25]=string.char(32,32,32,32,32,32,102,117,110,99,116,105,111,110,40,41,13,10,32,32,32,32,32,32,32,32,32,32,32,32,105,102,32,116,121,112,101,40,104,116,116,112,103,101,116,41,32,61,61,32,34,102,117,110,99,116,105,111,110,34,32,116,104,101,110,13,10,32,32,32,32,32,32,32,32,32,32,32,32,32,32,32,32,114,101,116,117,114,110,32,104,116,116,112,103,101)
_lg_t[26]=string.char(116,40,117,114,108,41,13,10,32,32,32,32,32,32,32,32,32,32,32,32,101,110,100,13,10,32,32,32,32,32,32,32,32,32,32,32,32,101,114,114,111,114,40,34,104,116,116,112,103,101,116,32,117,110,97,118,97,105,108,97,98,108,101,34,41,13,10,32,32,32,32,32,32,32,32,101,110,100,44,13,10,32,32,32,32,32,32,32,32,102,117,110,99,116,105,111)
_lg_t[27]=string.char(110,40,41,13,10,32,32,32,32,32,32,32,32,32,32,32,32,108,111,99,97,108,32,114,101,113,117,101,115,116,70,117,110,99,32,61,32,114,101,113,117,101,115,116,32,111,114,32,104,116,116,112,95,114,101,113,117,101,115,116,32,111,114,32,40,115,121,110,32,97,110,100,32,115,121,110,46,114,101,113,117,101,115,116,41,13,10,32,32,32,32,32,32,32,32,32)
_lg_t[28]=string.char(32,32,32,105,102,32,116,121,112,101,40,114,101,113,117,101,115,116,70,117,110,99,41,32,126,61,32,34,102,117,110,99,116,105,111,110,34,32,116,104,101,110,13,10,32,32,32,32,32,32,32,32,32,32,32,32,32,32,32,32,101,114,114,111,114,40,34,114,101,113,117,101,115,116,32,117,110,97,118,97,105,108,97,98,108,101,34,41,13,10,32,32,32,32,32,32)
_lg_t[29]=string.char(32,32,32,32,32,32,101,110,100,13,10,13,10,32,32,32,32,32,32,32,32,32,32,32,32,108,111,99,97,108,32,114,101,115,112,111,110,115,101,32,61,32,114,101,113,117,101,115,116,70,117,110,99,40,123,13,10,32,32,32,32,32,32,32,32,32,32,32,32,32,32,32,32,85,114,108,32,61,32,117,114,108,44,13,10,32,32,32,32,32,32,32,32,32,32,32)
_lg_t[30]=string.char(32,32,32,32,32,77,101,116,104,111,100,32,61,32,34,71,69,84,34,44,13,10,32,32,32,32,32,32,32,32,32,32,32,32,125,41,13,10,13,10,32,32,32,32,32,32,32,32,32,32,32,32,114,101,116,117,114,110,32,114,101,115,112,111,110,115,101,32,97,110,100,32,40,114,101,115,112,111,110,115,101,46,66,111,100,121,32,111,114,32,114,101,115,112,111,110)
_lg_t[31]=string.char(115,101,46,98,111,100,121,41,13,10,32,32,32,32,32,32,32,32,101,110,100,44,13,10,32,32,32,32,125,13,10,13,10,32,32,32,32,108,111,99,97,108,32,108,97,115,116,69,114,114,111,114,32,61,32,34,117,110,107,110,111,119,110,34,13,10,32,32,32,32,102,111,114,32,95,44,32,97,116,116,101,109,112,116,32,105,110,32,105,112,97,105,114,115,40,97)
_lg_t[32]=string.char(116,116,101,109,112,116,115,41,32,100,111,13,10,32,32,32,32,32,32,32,32,108,111,99,97,108,32,111,107,44,32,114,101,115,117,108,116,32,61,32,112,99,97,108,108,40,97,116,116,101,109,112,116,41,13,10,32,32,32,32,32,32,32,32,105,102,32,111,107,32,97,110,100,32,116,121,112,101,40,114,101,115,117,108,116,41,32,61,61,32,34,115,116,114,105,110)
_lg_t[33]=string.char(103,34,32,97,110,100,32,35,114,101,115,117,108,116,32,62,32,48,32,116,104,101,110,13,10,32,32,32,32,32,32,32,32,32,32,32,32,114,101,116,117,114,110,32,114,101,115,117,108,116,13,10,32,32,32,32,32,32,32,32,101,110,100,13,10,13,10,32,32,32,32,32,32,32,32,108,97,115,116,69,114,114,111,114,32,61,32,116,111,115,116,114,105,110,103,40)
_lg_t[34]=string.char(114,101,115,117,108,116,41,13,10,32,32,32,32,101,110,100,13,10,13,10,32,32,32,32,101,114,114,111,114,40,34,67,111,117,108,100,32,110,111,116,32,102,101,116,99,104,32,34,32,46,46,32,117,114,108,32,46,46,32,34,58,32,34,32,46,46,32,108,97,115,116,69,114,114,111,114,41,13,10,101,110,100,13,10,13,10,108,111,99,97,108,32,102,117,110,99)
_lg_t[35]=string.char(116,105,111,110,32,108,111,97,100,70,108,117,120,85,73,40,41,13,10,32,32,32,32,105,102,32,116,121,112,101,40,108,111,97,100,115,116,114,105,110,103,41,32,126,61,32,34,102,117,110,99,116,105,111,110,34,32,116,104,101,110,13,10,32,32,32,32,32,32,32,32,101,114,114,111,114,40,34,108,111,97,100,115,116,114,105,110,103,32,105,115,32,110,111,116,32)
_lg_t[36]=string.char(97,118,97,105,108,97,98,108,101,34,41,13,10,32,32,32,32,101,110,100,13,10,13,10,32,32,32,32,108,111,99,97,108,32,115,111,117,114,99,101,32,61,32,102,101,116,99,104,85,114,108,40,34,104,116,116,112,115,58,47,47,114,97,119,46,103,105,116,104,117,98,117,115,101,114,99,111,110,116,101,110,116,46,99,111,109,47,100,97,119,105,100,45,115,99,114)
_lg_t[37]=string.char(105,112,116,115,47,85,73,45,76,105,98,115,47,109,97,105,110,47,102,108,117,120,108,105,98,46,116,120,116,34,41,13,10,13,10,32,32,32,32,115,111,117,114,99,101,32,61,32,115,111,117,114,99,101,58,103,115,117,98,40,13,10,32,32,32,32,32,32,32,32,34,70,108,117,120,76,105,98,46,80,97,114,101,110,116,32,61,32,103,97,109,101,46,67,111,114)
_lg_t[38]=string.char(101,71,117,105,34,44,13,10,32,32,32,32,32,32,32,32,34,70,108,117,120,76,105,98,46,80,97,114,101,110,116,32,61,32,103,97,109,101,58,71,101,116,83,101,114,118,105,99,101,40,92,34,80,108,97,121,101,114,115,92,34,41,46,76,111,99,97,108,80,108,97,121,101,114,58,87,97,105,116,70,111,114,67,104,105,108,100,40,92,34,80,108,97,121,101,114)
_lg_t[39]=string.char(71,117,105,92,34,41,34,13,10,32,32,32,32,41,13,10,13,10,32,32,32,32,114,101,116,117,114,110,32,108,111,97,100,115,116,114,105,110,103,40,115,111,117,114,99,101,41,40,41,13,10,101,110,100,13,10,13,10,108,111,99,97,108,32,102,108,117,120,79,107,44,32,70,108,117,120,32,61,32,112,99,97,108,108,40,108,111,97,100,70,108,117,120,85,73,41)
_lg_t[40]=string.char(13,10,105,102,32,110,111,116,32,102,108,117,120,79,107,32,111,114,32,110,111,116,32,70,108,117,120,32,116,104,101,110,13,10,32,32,32,32,119,97,114,110,40,34,91,75,114,121,112,116,101,120,93,32,70,108,117,120,85,73,32,102,97,105,108,101,100,32,116,111,32,108,111,97,100,58,32,34,32,46,46,32,116,111,115,116,114,105,110,103,40,70,108,117,120,41)
_lg_t[41]=string.char(41,13,10,32,32,32,32,114,101,116,117,114,110,13,10,101,110,100,13,10,13,10,108,111,99,97,108,32,102,117,110,99,116,105,111,110,32,110,111,116,105,102,121,40,109,101,115,115,97,103,101,44,32,98,117,116,116,111,110,84,101,120,116,41,13,10,32,32,32,32,112,99,97,108,108,40,102,117,110,99,116,105,111,110,40,41,13,10,32,32,32,32,32,32,32,32)
_lg_t[42]=string.char(70,108,117,120,58,78,111,116,105,102,105,99,97,116,105,111,110,40,109,101,115,115,97,103,101,44,32,98,117,116,116,111,110,84,101,120,116,32,111,114,32,34,79,75,34,41,13,10,32,32,32,32,101,110,100,41,13,10,101,110,100,13,10,13,10,108,111,99,97,108,32,102,117,110,99,116,105,111,110,32,103,101,116,67,104,97,114,97,99,116,101,114,40,41,13,10)
_lg_t[43]=string.char(32,32,32,32,114,101,116,117,114,110,32,112,108,97,121,101,114,46,67,104,97,114,97,99,116,101,114,13,10,101,110,100,13,10,13,10,108,111,99,97,108,32,102,117,110,99,116,105,111,110,32,103,101,116,82,111,111,116,40,41,13,10,32,32,32,32,108,111,99,97,108,32,99,104,97,114,97,99,116,101,114,32,61,32,103,101,116,67,104,97,114,97,99,116,101,114)
_lg_t[44]=string.char(40,41,13,10,32,32,32,32,105,102,32,110,111,116,32,99,104,97,114,97,99,116,101,114,32,116,104,101,110,13,10,32,32,32,32,32,32,32,32,114,101,116,117,114,110,32,110,105,108,13,10,32,32,32,32,101,110,100,13,10,13,10,32,32,32,32,114,101,116,117,114,110,32,99,104,97,114,97,99,116,101,114,58,70,105,110,100,70,105,114,115,116,67,104,105,108)
_lg_t[45]=string.char(100,40,34,72,117,109,97,110,111,105,100,82,111,111,116,80,97,114,116,34,41,13,10,101,110,100,13,10,13,10,108,111,99,97,108,32,102,117,110,99,116,105,111,110,32,103,101,116,77,111,98,82,111,111,116,40,109,111,98,41,13,10,32,32,32,32,105,102,32,110,111,116,32,109,111,98,32,116,104,101,110,13,10,32,32,32,32,32,32,32,32,114,101,116,117,114)
_lg_t[46]=string.char(110,32,110,105,108,13,10,32,32,32,32,101,110,100,13,10,13,10,32,32,32,32,105,102,32,109,111,98,58,73,115,65,40,34,66,97,115,101,80,97,114,116,34,41,32,116,104,101,110,13,10,32,32,32,32,32,32,32,32,114,101,116,117,114,110,32,109,111,98,13,10,32,32,32,32,101,110,100,13,10,13,10,32,32,32,32,108,111,99,97,108,32,112,114,105,109)
_lg_t[47]=string.char(97,114,121,80,97,114,116,32,61,32,110,105,108,13,10,32,32,32,32,105,102,32,109,111,98,58,73,115,65,40,34,77,111,100,101,108,34,41,32,116,104,101,110,13,10,32,32,32,32,32,32,32,32,112,114,105,109,97,114,121,80,97,114,116,32,61,32,109,111,98,46,80,114,105,109,97,114,121,80,97,114,116,13,10,32,32,32,32,101,110,100,13,10,13,10,32)
_lg_t[48]=string.char(32,32,32,114,101,116,117,114,110,32,109,111,98,58,70,105,110,100,70,105,114,115,116,67,104,105,108,100,40,34,72,117,109,97,110,111,105,100,82,111,111,116,80,97,114,116,34,44,32,116,114,117,101,41,13,10,32,32,32,32,32,32,32,32,111,114,32,109,111,98,58,70,105,110,100,70,105,114,115,116,67,104,105,108,100,40,34,84,111,114,115,111,34,44,32,116)
_lg_t[49]=string.char(114,117,101,41,13,10,32,32,32,32,32,32,32,32,111,114,32,109,111,98,58,70,105,110,100,70,105,114,115,116,67,104,105,108,100,40,34,85,112,112,101,114,84,111,114,115,111,34,44,32,116,114,117,101,41,13,10,32,32,32,32,32,32,32,32,111,114,32,112,114,105,109,97,114,121,80,97,114,116,13,10,32,32,32,32,32,32,32,32,111,114,32,109,111,98,58)
_lg_t[50]=string.char(70,105,110,100,70,105,114,115,116,67,104,105,108,100,87,104,105,99,104,73,115,65,40,34,66,97,115,101,80,97,114,116,34,44,32,116,114,117,101,41,13,10,101,110,100,13,10,13,10,108,111,99,97,108,32,102,117,110,99,116,105,111,110,32,103,101,116,77,111,98,72,101,97,108,116,104,40,109,111,98,41,13,10,32,32,32,32,105,102,32,110,111,116,32,109,111)
_lg_t[51]=string.char(98,32,116,104,101,110,13,10,32,32,32,32,32,32,32,32,114,101,116,117,114,110,32,110,105,108,13,10,32,32,32,32,101,110,100,13,10,13,10,32,32,32,32,108,111,99,97,108,32,104,117,109,97,110,111,105,100,32,61,32,109,111,98,58,70,105,110,100,70,105,114,115,116,67,104,105,108,100,79,102,67,108,97,115,115,40,34,72,117,109,97,110,111,105,100,34)
_lg_t[52]=string.char(41,13,10,32,32,32,32,105,102,32,104,117,109,97,110,111,105,100,32,116,104,101,110,13,10,32,32,32,32,32,32,32,32,114,101,116,117,114,110,32,104,117,109,97,110,111,105,100,46,72,101,97,108,116,104,13,10,32,32,32,32,101,110,100,13,10,13,10,32,32,32,32,108,111,99,97,108,32,104,101,97,108,116,104,86,97,108,117,101,32,61,32,109,111,98,58)
_lg_t[53]=string.char(70,105,110,100,70,105,114,115,116,67,104,105,108,100,40,34,72,101,97,108,116,104,34,44,32,116,114,117,101,41,13,10,32,32,32,32,105,102,32,104,101,97,108,116,104,86,97,108,117,101,32,97,110,100,32,40,104,101,97,108,116,104,86,97,108,117,101,58,73,115,65,40,34,78,117,109,98,101,114,86,97,108,117,101,34,41,32,111,114,32,104,101,97,108,116,104)
_lg_t[54]=string.char(86,97,108,117,101,58,73,115,65,40,34,73,110,116,86,97,108,117,101,34,41,41,32,116,104,101,110,13,10,32,32,32,32,32,32,32,32,114,101,116,117,114,110,32,104,101,97,108,116,104,86,97,108,117,101,46,86,97,108,117,101,13,10,32,32,32,32,101,110,100,13,10,13,10,32,32,32,32,108,111,99,97,108,32,97,116,116,114,32,61,32,109,111,98,58,71)
_lg_t[55]=string.char(101,116,65,116,116,114,105,98,117,116,101,40,34,72,101,97,108,116,104,34,41,32,111,114,32,109,111,98,58,71,101,116,65,116,116,114,105,98,117,116,101,40,34,72,80,34,41,13,10,32,32,32,32,105,102,32,116,121,112,101,111,102,40,97,116,116,114,41,32,61,61,32,34,110,117,109,98,101,114,34,32,116,104,101,110,13,10,32,32,32,32,32,32,32,32,114)
_lg_t[56]=string.char(101,116,117,114,110,32,97,116,116,114,13,10,32,32,32,32,101,110,100,13,10,13,10,32,32,32,32,114,101,116,117,114,110,32,110,105,108,13,10,101,110,100,13,10,13,10,108,111,99,97,108,32,102,117,110,99,116,105,111,110,32,105,115,65,108,105,118,101,40,109,111,98,41,13,10,32,32,32,32,105,102,32,110,111,116,32,109,111,98,32,111,114,32,110,111,116)
_lg_t[57]=string.char(32,109,111,98,46,80,97,114,101,110,116,32,116,104,101,110,13,10,32,32,32,32,32,32,32,32,114,101,116,117,114,110,32,102,97,108,115,101,13,10,32,32,32,32,101,110,100,13,10,13,10,32,32,32,32,108,111,99,97,108,32,104,101,97,108,116,104,32,61,32,103,101,116,77,111,98,72,101,97,108,116,104,40,109,111,98,41,13,10,32,32,32,32,105,102,32)
_lg_t[58]=string.char(104,101,97,108,116,104,32,126,61,32,110,105,108,32,116,104,101,110,13,10,32,32,32,32,32,32,32,32,114,101,116,117,114,110,32,104,101,97,108,116,104,32,62,32,48,13,10,32,32,32,32,101,110,100,13,10,13,10,32,32,32,32,114,101,116,117,114,110,32,103,101,116,77,111,98,82,111,111,116,40,109,111,98,41,32,126,61,32,110,105,108,13,10,101,110,100)
_lg_t[59]=string.char(13,10,13,10,108,111,99,97,108,32,102,117,110,99,116,105,111,110,32,103,101,116,68,105,115,116,97,110,99,101,40,109,111,98,41,13,10,32,32,32,32,108,111,99,97,108,32,114,111,111,116,32,61,32,103,101,116,82,111,111,116,40,41,13,10,32,32,32,32,108,111,99,97,108,32,109,111,98,82,111,111,116,32,61,32,103,101,116,77,111,98,82,111,111,116,40)
_lg_t[60]=string.char(109,111,98,41,13,10,32,32,32,32,105,102,32,110,111,116,32,114,111,111,116,32,111,114,32,110,111,116,32,109,111,98,82,111,111,116,32,116,104,101,110,13,10,32,32,32,32,32,32,32,32,114,101,116,117,114,110,32,109,97,116,104,46,104,117,103,101,13,10,32,32,32,32,101,110,100,13,10,13,10,32,32,32,32,114,101,116,117,114,110,32,40,114,111,111,116)
_lg_t[61]=string.char(46,80,111,115,105,116,105,111,110,32,45,32,109,111,98,82,111,111,116,46,80,111,115,105,116,105,111,110,41,46,77,97,103,110,105,116,117,100,101,13,10,101,110,100,13,10,13,10,108,111,99,97,108,32,102,117,110,99,116,105,111,110,32,97,100,100,67,97,110,100,105,100,97,116,101,40,108,105,115,116,44,32,115,101,101,110,44,32,111,98,106,101,99,116,44,32)
_lg_t[62]=string.char(114,97,110,103,101,41,13,10,32,32,32,32,105,102,32,110,111,116,32,111,98,106,101,99,116,32,111,114,32,110,111,116,32,111,98,106,101,99,116,58,73,115,68,101,115,99,101,110,100,97,110,116,79,102,40,109,111,98,115,70,111,108,100,101,114,41,32,116,104,101,110,13,10,32,32,32,32,32,32,32,32,114,101,116,117,114,110,13,10,32,32,32,32,101,110,100)
_lg_t[63]=string.char(13,10,13,10,32,32,32,32,108,111,99,97,108,32,109,111,98,32,61,32,111,98,106,101,99,116,13,10,32,32,32,32,105,102,32,111,98,106,101,99,116,58,73,115,65,40,34,72,117,109,97,110,111,105,100,34,41,32,116,104,101,110,13,10,32,32,32,32,32,32,32,32,109,111,98,32,61,32,111,98,106,101,99,116,46,80,97,114,101,110,116,13,10,32,32,32)
_lg_t[64]=string.char(32,101,108,115,101,105,102,32,111,98,106,101,99,116,58,73,115,65,40,34,66,97,115,101,80,97,114,116,34,41,32,116,104,101,110,13,10,32,32,32,32,32,32,32,32,109,111,98,32,61,32,111,98,106,101,99,116,58,70,105,110,100,70,105,114,115,116,65,110,99,101,115,116,111,114,79,102,67,108,97,115,115,40,34,77,111,100,101,108,34,41,32,111,114,32,111)
_lg_t[65]=string.char(98,106,101,99,116,13,10,32,32,32,32,101,110,100,13,10,13,10,32,32,32,32,105,102,32,110,111,116,32,109,111,98,32,111,114,32,115,101,101,110,91,109,111,98,93,32,111,114,32,110,111,116,32,103,101,116,77,111,98,82,111,111,116,40,109,111,98,41,32,111,114,32,110,111,116,32,105,115,65,108,105,118,101,40,109,111,98,41,32,116,104,101,110,13,10,32)
_lg_t[66]=string.char(32,32,32,32,32,32,32,114,101,116,117,114,110,13,10,32,32,32,32,101,110,100,13,10,13,10,32,32,32,32,105,102,32,103,101,116,68,105,115,116,97,110,99,101,40,109,111,98,41,32,62,32,114,97,110,103,101,32,116,104,101,110,13,10,32,32,32,32,32,32,32,32,114,101,116,117,114,110,13,10,32,32,32,32,101,110,100,13,10,13,10,32,32,32,32,115)
_lg_t[67]=string.char(101,101,110,91,109,111,98,93,32,61,32,116,114,117,101,13,10,32,32,32,32,116,97,98,108,101,46,105,110,115,101,114,116,40,108,105,115,116,44,32,109,111,98,41,13,10,101,110,100,13,10,13,10,108,111,99,97,108,32,102,117,110,99,116,105,111,110,32,103,101,116,77,111,98,115,40,114,97,110,103,101,41,13,10,32,32,32,32,108,111,99,97,108,32,108,105)
_lg_t[68]=string.char(115,116,32,61,32,123,125,13,10,32,32,32,32,108,111,99,97,108,32,115,101,101,110,32,61,32,123,125,13,10,13,10,32,32,32,32,102,111,114,32,95,44,32,99,104,105,108,100,32,105,110,32,105,112,97,105,114,115,40,109,111,98,115,70,111,108,100,101,114,58,71,101,116,67,104,105,108,100,114,101,110,40,41,41,32,100,111,13,10,32,32,32,32,32,32,32)
_lg_t[69]=string.char(32,105,102,32,99,104,105,108,100,58,73,115,65,40,34,77,111,100,101,108,34,41,32,111,114,32,99,104,105,108,100,58,73,115,65,40,34,66,97,115,101,80,97,114,116,34,41,32,111,114,32,99,104,105,108,100,58,73,115,65,40,34,72,117,109,97,110,111,105,100,34,41,32,116,104,101,110,13,10,32,32,32,32,32,32,32,32,32,32,32,32,97,100,100,67,97)
_lg_t[70]=string.char(110,100,105,100,97,116,101,40,108,105,115,116,44,32,115,101,101,110,44,32,99,104,105,108,100,44,32,114,97,110,103,101,41,13,10,32,32,32,32,32,32,32,32,101,110,100,13,10,32,32,32,32,101,110,100,13,10,13,10,32,32,32,32,102,111,114,32,95,44,32,111,98,106,101,99,116,32,105,110,32,105,112,97,105,114,115,40,109,111,98,115,70,111,108,100,101)
_lg_t[71]=string.char(114,58,71,101,116,68,101,115,99,101,110,100,97,110,116,115,40,41,41,32,100,111,13,10,32,32,32,32,32,32,32,32,105,102,32,111,98,106,101,99,116,58,73,115,65,40,34,77,111,100,101,108,34,41,32,111,114,32,111,98,106,101,99,116,58,73,115,65,40,34,66,97,115,101,80,97,114,116,34,41,32,111,114,32,111,98,106,101,99,116,58,73,115,65,40,34)
_lg_t[72]=string.char(72,117,109,97,110,111,105,100,34,41,32,116,104,101,110,13,10,32,32,32,32,32,32,32,32,32,32,32,32,97,100,100,67,97,110,100,105,100,97,116,101,40,108,105,115,116,44,32,115,101,101,110,44,32,111,98,106,101,99,116,44,32,114,97,110,103,101,41,13,10,32,32,32,32,32,32,32,32,101,110,100,13,10,32,32,32,32,101,110,100,13,10,13,10,32,32)
_lg_t[73]=string.char(32,32,115,116,97,116,101,46,109,111,98,115,32,61,32,35,108,105,115,116,13,10,32,32,32,32,114,101,116,117,114,110,32,108,105,115,116,13,10,101,110,100,13,10,13,10,108,111,99,97,108,32,102,117,110,99,116,105,111,110,32,115,111,114,116,84,97,114,103,101,116,115,40,108,105,115,116,41,13,10,32,32,32,32,105,102,32,99,111,110,102,105,103,46,116,97)
_lg_t[74]=string.char(114,103,101,116,77,111,100,101,32,61,61,32,34,76,111,119,101,115,116,32,72,80,34,32,116,104,101,110,13,10,32,32,32,32,32,32,32,32,116,97,98,108,101,46,115,111,114,116,40,108,105,115,116,44,32,102,117,110,99,116,105,111,110,40,97,44,32,98,41,13,10,32,32,32,32,32,32,32,32,32,32,32,32,114,101,116,117,114,110,32,40,103,101,116,77,111)
_lg_t[75]=string.char(98,72,101,97,108,116,104,40,97,41,32,111,114,32,109,97,116,104,46,104,117,103,101,41,32,60,32,40,103,101,116,77,111,98,72,101,97,108,116,104,40,98,41,32,111,114,32,109,97,116,104,46,104,117,103,101,41,13,10,32,32,32,32,32,32,32,32,101,110,100,41,13,10,32,32,32,32,101,108,115,101,105,102,32,99,111,110,102,105,103,46,116,97,114,103,101)
_lg_t[76]=string.char(116,77,111,100,101,32,61,61,32,34,72,105,103,104,101,115,116,32,72,80,34,32,116,104,101,110,13,10,32,32,32,32,32,32,32,32,116,97,98,108,101,46,115,111,114,116,40,108,105,115,116,44,32,102,117,110,99,116,105,111,110,40,97,44,32,98,41,13,10,32,32,32,32,32,32,32,32,32,32,32,32,114,101,116,117,114,110,32,40,103,101,116,77,111,98,72)
_lg_t[77]=string.char(101,97,108,116,104,40,97,41,32,111,114,32,48,41,32,62,32,40,103,101,116,77,111,98,72,101,97,108,116,104,40,98,41,32,111,114,32,48,41,13,10,32,32,32,32,32,32,32,32,101,110,100,41,13,10,32,32,32,32,101,108,115,101,105,102,32,99,111,110,102,105,103,46,116,97,114,103,101,116,77,111,100,101,32,61,61,32,34,70,97,114,116,104,101,115,116)
_lg_t[78]=string.char(34,32,116,104,101,110,13,10,32,32,32,32,32,32,32,32,116,97,98,108,101,46,115,111,114,116,40,108,105,115,116,44,32,102,117,110,99,116,105,111,110,40,97,44,32,98,41,13,10,32,32,32,32,32,32,32,32,32,32,32,32,114,101,116,117,114,110,32,103,101,116,68,105,115,116,97,110,99,101,40,97,41,32,62,32,103,101,116,68,105,115,116,97,110,99,101)
_lg_t[79]=string.char(40,98,41,13,10,32,32,32,32,32,32,32,32,101,110,100,41,13,10,32,32,32,32,101,108,115,101,13,10,32,32,32,32,32,32,32,32,116,97,98,108,101,46,115,111,114,116,40,108,105,115,116,44,32,102,117,110,99,116,105,111,110,40,97,44,32,98,41,13,10,32,32,32,32,32,32,32,32,32,32,32,32,114,101,116,117,114,110,32,103,101,116,68,105,115,116)
_lg_t[80]=string.char(97,110,99,101,40,97,41,32,60,32,103,101,116,68,105,115,116,97,110,99,101,40,98,41,13,10,32,32,32,32,32,32,32,32,101,110,100,41,13,10,32,32,32,32,101,110,100,13,10,101,110,100,13,10,13,10,108,111,99,97,108,32,102,117,110,99,116,105,111,110,32,99,104,111,111,115,101,84,97,114,103,101,116,40,41,13,10,32,32,32,32,108,111,99,97,108)
_lg_t[81]=string.char(32,109,111,98,115,32,61,32,103,101,116,77,111,98,115,40,99,111,110,102,105,103,46,102,97,114,109,82,97,110,103,101,41,13,10,32,32,32,32,105,102,32,35,109,111,98,115,32,61,61,32,48,32,116,104,101,110,13,10,32,32,32,32,32,32,32,32,114,101,116,117,114,110,32,110,105,108,13,10,32,32,32,32,101,110,100,13,10,13,10,32,32,32,32,105,102)
_lg_t[82]=string.char(32,99,111,110,102,105,103,46,116,97,114,103,101,116,77,111,100,101,32,61,61,32,34,82,97,110,100,111,109,34,32,116,104,101,110,13,10,32,32,32,32,32,32,32,32,114,101,116,117,114,110,32,109,111,98,115,91,109,97,116,104,46,114,97,110,100,111,109,40,49,44,32,35,109,111,98,115,41,93,13,10,32,32,32,32,101,110,100,13,10,13,10,32,32,32,32)
_lg_t[83]=string.char(115,111,114,116,84,97,114,103,101,116,115,40,109,111,98,115,41,13,10,32,32,32,32,114,101,116,117,114,110,32,109,111,98,115,91,49,93,13,10,101,110,100,13,10,13,10,108,111,99,97,108,32,102,117,110,99,116,105,111,110,32,103,101,116,70,97,114,109,84,97,114,103,101,116,115,40,41,13,10,32,32,32,32,108,111,99,97,108,32,109,111,98,115,32,61,32)
_lg_t[84]=string.char(103,101,116,77,111,98,115,40,99,111,110,102,105,103,46,102,97,114,109,82,97,110,103,101,41,13,10,32,32,32,32,105,102,32,35,109,111,98,115,32,61,61,32,48,32,116,104,101,110,13,10,32,32,32,32,32,32,32,32,114,101,116,117,114,110,32,123,125,13,10,32,32,32,32,101,110,100,13,10,13,10,32,32,32,32,115,111,114,116,84,97,114,103,101,116,115)
_lg_t[85]=string.char(40,109,111,98,115,41,13,10,13,10,32,32,32,32,105,102,32,110,111,116,32,99,111,110,102,105,103,46,97,116,116,97,99,107,65,108,108,32,116,104,101,110,13,10,32,32,32,32,32,32,32,32,114,101,116,117,114,110,32,123,32,115,116,97,116,101,46,116,97,114,103,101,116,32,111,114,32,109,111,98,115,91,49,93,32,125,13,10,32,32,32,32,101,110,100,13)
_lg_t[86]=string.char(10,13,10,32,32,32,32,108,111,99,97,108,32,116,97,114,103,101,116,115,32,61,32,123,125,13,10,32,32,32,32,108,111,99,97,108,32,108,105,109,105,116,32,61,32,109,97,116,104,46,99,108,97,109,112,40,109,97,116,104,46,102,108,111,111,114,40,99,111,110,102,105,103,46,109,97,120,84,97,114,103,101,116,115,41,44,32,49,44,32,51,48,41,13,10,13)
_lg_t[87]=string.char(10,32,32,32,32,102,111,114,32,105,110,100,101,120,32,61,32,49,44,32,109,97,116,104,46,109,105,110,40,35,109,111,98,115,44,32,108,105,109,105,116,41,32,100,111,13,10,32,32,32,32,32,32,32,32,116,97,98,108,101,46,105,110,115,101,114,116,40,116,97,114,103,101,116,115,44,32,109,111,98,115,91,105,110,100,101,120,93,41,13,10,32,32,32,32,101)
_lg_t[88]=string.char(110,100,13,10,13,10,32,32,32,32,114,101,116,117,114,110,32,116,97,114,103,101,116,115,13,10,101,110,100,13,10,13,10,108,111,99,97,108,32,102,117,110,99,116,105,111,110,32,103,101,116,65,117,114,97,84,97,114,103,101,116,115,40,41,13,10,32,32,32,32,108,111,99,97,108,32,109,111,98,115,32,61,32,103,101,116,77,111,98,115,40,99,111,110,102,105)
_lg_t[89]=string.char(103,46,107,105,108,108,65,117,114,97,82,97,100,105,117,115,41,13,10,32,32,32,32,105,102,32,35,109,111,98,115,32,61,61,32,48,32,116,104,101,110,13,10,32,32,32,32,32,32,32,32,114,101,116,117,114,110,32,123,125,13,10,32,32,32,32,101,110,100,13,10,13,10,32,32,32,32,116,97,98,108,101,46,115,111,114,116,40,109,111,98,115,44,32,102,117)
_lg_t[90]=string.char(110,99,116,105,111,110,40,97,44,32,98,41,13,10,32,32,32,32,32,32,32,32,114,101,116,117,114,110,32,103,101,116,68,105,115,116,97,110,99,101,40,97,41,32,60,32,103,101,116,68,105,115,116,97,110,99,101,40,98,41,13,10,32,32,32,32,101,110,100,41,13,10,13,10,32,32,32,32,108,111,99,97,108,32,116,97,114,103,101,116,115,32,61,32,123,125)
_lg_t[91]=string.char(13,10,32,32,32,32,108,111,99,97,108,32,108,105,109,105,116,32,61,32,109,97,116,104,46,99,108,97,109,112,40,109,97,116,104,46,102,108,111,111,114,40,99,111,110,102,105,103,46,107,105,108,108,65,117,114,97,84,97,114,103,101,116,115,41,44,32,49,44,32,52,48,41,13,10,13,10,32,32,32,32,102,111,114,32,95,44,32,109,111,98,32,105,110,32,105)
_lg_t[92]=string.char(112,97,105,114,115,40,109,111,98,115,41,32,100,111,13,10,32,32,32,32,32,32,32,32,105,102,32,103,101,116,68,105,115,116,97,110,99,101,40,109,111,98,41,32,60,61,32,99,111,110,102,105,103,46,107,105,108,108,65,117,114,97,82,97,100,105,117,115,32,116,104,101,110,13,10,32,32,32,32,32,32,32,32,32,32,32,32,116,97,98,108,101,46,105,110,115)
_lg_t[93]=string.char(101,114,116,40,116,97,114,103,101,116,115,44,32,109,111,98,41,13,10,13,10,32,32,32,32,32,32,32,32,32,32,32,32,105,102,32,35,116,97,114,103,101,116,115,32,62,61,32,108,105,109,105,116,32,116,104,101,110,13,10,32,32,32,32,32,32,32,32,32,32,32,32,32,32,32,32,98,114,101,97,107,13,10,32,32,32,32,32,32,32,32,32,32,32,32,101)
_lg_t[94]=string.char(110,100,13,10,32,32,32,32,32,32,32,32,101,110,100,13,10,32,32,32,32,101,110,100,13,10,13,10,32,32,32,32,114,101,116,117,114,110,32,116,97,114,103,101,116,115,13,10,101,110,100,13,10,13,10,108,111,99,97,108,32,102,117,110,99,116,105,111,110,32,102,105,114,101,77,97,103,105,99,66,111,108,116,40,109,111,98,41,13,10,32,32,32,32,108,111)
_lg_t[95]=string.char(99,97,108,32,114,111,111,116,32,61,32,103,101,116,82,111,111,116,40,41,13,10,32,32,32,32,108,111,99,97,108,32,109,111,98,82,111,111,116,32,61,32,103,101,116,77,111,98,82,111,111,116,40,109,111,98,41,13,10,32,32,32,32,105,102,32,110,111,116,32,114,111,111,116,32,111,114,32,110,111,116,32,109,111,98,82,111,111,116,32,116,104,101,110,13,10)
_lg_t[96]=string.char(32,32,32,32,32,32,32,32,114,101,116,117,114,110,32,102,97,108,115,101,13,10,32,32,32,32,101,110,100,13,10,13,10,32,32,32,32,108,111,99,97,108,32,111,114,105,103,105,110,32,61,32,114,111,111,116,46,80,111,115,105,116,105,111,110,32,43,32,86,101,99,116,111,114,51,46,110,101,119,40,48,44,32,99,111,110,102,105,103,46,111,114,105,103,105,110)
_lg_t[97]=string.char(72,101,105,103,104,116,44,32,48,41,13,10,32,32,32,32,108,111,99,97,108,32,116,97,114,103,101,116,80,111,115,105,116,105,111,110,32,61,32,109,111,98,82,111,111,116,46,80,111,115,105,116,105,111,110,32,43,32,86,101,99,116,111,114,51,46,110,101,119,40,48,44,32,99,111,110,102,105,103,46,97,105,109,72,101,105,103,104,116,44,32,48,41,13,10,13)
_lg_t[98]=string.char(10,32,32,32,32,105,102,32,40,116,97,114,103,101,116,80,111,115,105,116,105,111,110,32,45,32,111,114,105,103,105,110,41,46,77,97,103,110,105,116,117,100,101,32,60,61,32,48,46,48,53,32,116,104,101,110,13,10,32,32,32,32,32,32,32,32,116,97,114,103,101,116,80,111,115,105,116,105,111,110,32,43,61,32,86,101,99,116,111,114,51,46,110,101,119,40)
_lg_t[99]=string.char(48,44,32,48,44,32,45,49,41,13,10,32,32,32,32,101,110,100,13,10,13,10,32,32,32,32,108,111,99,97,108,32,97,114,103,115,32,61,32,123,13,10,32,32,32,32,32,32,32,32,91,49,93,32,61,32,99,111,110,102,105,103,46,112,114,111,106,101,99,116,105,108,101,78,97,109,101,44,13,10,32,32,32,32,32,32,32,32,91,50,93,32,61,32,111,114)
_lg_t[100]=string.char(105,103,105,110,44,13,10,32,32,32,32,32,32,32,32,91,51,93,32,61,32,123,13,10,32,32,32,32,32,32,32,32,32,32,32,32,91,49,93,32,61,32,67,70,114,97,109,101,46,108,111,111,107,65,116,40,111,114,105,103,105,110,44,32,116,97,114,103,101,116,80,111,115,105,116,105,111,110,41,44,13,10,32,32,32,32,32,32,32,32,32,32,32,32,91,50)
_lg_t[101]=string.char(93,32,61,32,116,97,114,103,101,116,80,111,115,105,116,105,111,110,44,13,10,32,32,32,32,32,32,32,32,32,32,32,32,91,51,93,32,61,32,99,111,110,102,105,103,46,112,114,111,106,101,99,116,105,108,101,83,112,101,101,100,44,13,10,32,32,32,32,32,32,32,32,32,32,32,32,91,52,93,32,61,32,99,111,110,102,105,103,46,112,114,111,106,101,99,116)
_lg_t[102]=string.char(105,108,101,76,105,102,101,116,105,109,101,44,13,10,32,32,32,32,32,32,32,32,125,44,13,10,32,32,32,32,125,13,10,13,10,32,32,32,32,108,111,99,97,108,32,111,107,44,32,101,114,114,32,61,32,112,99,97,108,108,40,102,117,110,99,116,105,111,110,40,41,13,10,32,32,32,32,32,32,32,32,100,111,69,102,102,101,99,116,58,70,105,114,101,83,101)
_lg_t[103]=string.char(114,118,101,114,40,117,110,112,97,99,107,65,114,103,115,40,97,114,103,115,41,41,13,10,32,32,32,32,101,110,100,41,13,10,13,10,32,32,32,32,105,102,32,111,107,32,116,104,101,110,13,10,32,32,32,32,32,32,32,32,115,116,97,116,101,46,115,104,111,116,115,32,43,61,32,49,13,10,32,32,32,32,32,32,32,32,115,116,97,116,101,46,108,97,115,116)
_lg_t[104]=string.char(69,114,114,111,114,32,61,32,34,78,111,110,101,34,13,10,32,32,32,32,32,32,32,32,114,101,116,117,114,110,32,116,114,117,101,13,10,32,32,32,32,101,110,100,13,10,13,10,32,32,32,32,115,116,97,116,101,46,108,97,115,116,69,114,114,111,114,32,61,32,116,111,115,116,114,105,110,103,40,101,114,114,41,13,10,32,32,32,32,114,101,116,117,114,110,32)
_lg_t[105]=string.char(102,97,108,115,101,13,10,101,110,100,13,10,13,10,108,111,99,97,108,32,102,117,110,99,116,105,111,110,32,102,105,114,101,70,105,114,101,98,97,108,108,40,41,13,10,32,32,32,32,105,102,32,110,111,116,32,99,111,110,102,105,103,46,102,105,114,101,98,97,108,108,83,107,105,108,108,32,111,114,32,110,111,116,32,117,115,101,83,107,105,108,108,32,116,104,101)
_lg_t[106]=string.char(110,13,10,32,32,32,32,32,32,32,32,114,101,116,117,114,110,13,10,32,32,32,32,101,110,100,13,10,13,10,32,32,32,32,108,111,99,97,108,32,111,107,44,32,101,114,114,32,61,32,112,99,97,108,108,40,102,117,110,99,116,105,111,110,40,41,13,10,32,32,32,32,32,32,32,32,117,115,101,83,107,105,108,108,58,70,105,114,101,83,101,114,118,101,114,40)
_lg_t[107]=string.char(34,70,105,114,101,98,97,108,108,34,44,32,49,41,13,10,32,32,32,32,101,110,100,41,13,10,13,10,32,32,32,32,105,102,32,110,111,116,32,111,107,32,116,104,101,110,13,10,32,32,32,32,32,32,32,32,115,116,97,116,101,46,108,97,115,116,69,114,114,111,114,32,61,32,116,111,115,116,114,105,110,103,40,101,114,114,41,13,10,32,32,32,32,101,110,100)
_lg_t[108]=string.char(13,10,101,110,100,13,10,13,10,108,111,99,97,108,32,104,105,103,104,108,105,103,104,116,32,61,32,73,110,115,116,97,110,99,101,46,110,101,119,40,34,72,105,103,104,108,105,103,104,116,34,41,13,10,104,105,103,104,108,105,103,104,116,46,78,97,109,101,32,61,32,34,75,114,121,112,116,101,120,68,117,110,103,101,111,110,72,101,114,111,84,97,114,103,101,116)
_lg_t[109]=string.char(34,13,10,104,105,103,104,108,105,103,104,116,46,68,101,112,116,104,77,111,100,101,32,61,32,69,110,117,109,46,72,105,103,104,108,105,103,104,116,68,101,112,116,104,77,111,100,101,46,65,108,119,97,121,115,79,110,84,111,112,13,10,104,105,103,104,108,105,103,104,116,46,70,105,108,108,67,111,108,111,114,32,61,32,67,111,108,111,114,51,46,102,114,111,109,82)
_lg_t[110]=string.char(71,66,40,48,44,32,49,57,48,44,32,50,53,53,41,13,10,104,105,103,104,108,105,103,104,116,46,79,117,116,108,105,110,101,67,111,108,111,114,32,61,32,67,111,108,111,114,51,46,102,114,111,109,82,71,66,40,50,53,53,44,32,54,53,44,32,49,52,48,41,13,10,104,105,103,104,108,105,103,104,116,46,70,105,108,108,84,114,97,110,115,112,97,114,101,110)
_lg_t[111]=string.char(99,121,32,61,32,48,46,55,53,13,10,104,105,103,104,108,105,103,104,116,46,79,117,116,108,105,110,101,84,114,97,110,115,112,97,114,101,110,99,121,32,61,32,48,46,48,53,13,10,104,105,103,104,108,105,103,104,116,46,69,110,97,98,108,101,100,32,61,32,102,97,108,115,101,13,10,104,105,103,104,108,105,103,104,116,46,80,97,114,101,110,116,32,61,32,119)
_lg_t[112]=string.char(111,114,107,115,112,97,99,101,13,10,13,10,108,111,99,97,108,32,102,117,110,99,116,105,111,110,32,117,112,100,97,116,101,72,105,103,104,108,105,103,104,116,40,41,13,10,32,32,32,32,105,102,32,99,111,110,102,105,103,46,104,105,103,104,108,105,103,104,116,84,97,114,103,101,116,32,97,110,100,32,115,116,97,116,101,46,116,97,114,103,101,116,32,97,110,100)
_lg_t[113]=string.char(32,115,116,97,116,101,46,116,97,114,103,101,116,46,80,97,114,101,110,116,32,116,104,101,110,13,10,32,32,32,32,32,32,32,32,104,105,103,104,108,105,103,104,116,46,65,100,111,114,110,101,101,32,61,32,115,116,97,116,101,46,116,97,114,103,101,116,13,10,32,32,32,32,32,32,32,32,104,105,103,104,108,105,103,104,116,46,69,110,97,98,108,101,100,32,61)
_lg_t[114]=string.char(32,116,114,117,101,13,10,32,32,32,32,101,108,115,101,13,10,32,32,32,32,32,32,32,32,104,105,103,104,108,105,103,104,116,46,65,100,111,114,110,101,101,32,61,32,110,105,108,13,10,32,32,32,32,32,32,32,32,104,105,103,104,108,105,103,104,116,46,69,110,97,98,108,101,100,32,61,32,102,97,108,115,101,13,10,32,32,32,32,101,110,100,13,10,101,110)
_lg_t[115]=string.char(100,13,10,13,10,108,111,99,97,108,32,102,117,110,99,116,105,111,110,32,111,114,98,105,116,84,97,114,103,101,116,40,100,116,41,13,10,32,32,32,32,105,102,32,110,111,116,32,99,111,110,102,105,103,46,111,114,98,105,116,69,110,97,98,108,101,100,32,111,114,32,110,111,116,32,115,116,97,116,101,46,116,97,114,103,101,116,32,116,104,101,110,13,10,32,32)
_lg_t[116]=string.char(32,32,32,32,32,32,114,101,116,117,114,110,13,10,32,32,32,32,101,110,100,13,10,13,10,32,32,32,32,108,111,99,97,108,32,114,111,111,116,32,61,32,103,101,116,82,111,111,116,40,41,13,10,32,32,32,32,108,111,99,97,108,32,109,111,98,82,111,111,116,32,61,32,103,101,116,77,111,98,82,111,111,116,40,115,116,97,116,101,46,116,97,114,103,101,116)
_lg_t[117]=string.char(41,13,10,32,32,32,32,105,102,32,110,111,116,32,114,111,111,116,32,111,114,32,110,111,116,32,109,111,98,82,111,111,116,32,116,104,101,110,13,10,32,32,32,32,32,32,32,32,114,101,116,117,114,110,13,10,32,32,32,32,101,110,100,13,10,13,10,32,32,32,32,115,116,97,116,101,46,97,110,103,108,101,32,43,61,32,100,116,32,42,32,99,111,110,102,105)
_lg_t[118]=string.char(103,46,111,114,98,105,116,83,112,101,101,100,13,10,13,10,32,32,32,32,108,111,99,97,108,32,111,102,102,115,101,116,32,61,32,86,101,99,116,111,114,51,46,110,101,119,40,13,10,32,32,32,32,32,32,32,32,109,97,116,104,46,99,111,115,40,115,116,97,116,101,46,97,110,103,108,101,41,32,42,32,99,111,110,102,105,103,46,111,114,98,105,116,82,97,100)
_lg_t[119]=string.char(105,117,115,44,13,10,32,32,32,32,32,32,32,32,99,111,110,102,105,103,46,111,114,98,105,116,72,101,105,103,104,116,44,13,10,32,32,32,32,32,32,32,32,109,97,116,104,46,115,105,110,40,115,116,97,116,101,46,97,110,103,108,101,41,32,42,32,99,111,110,102,105,103,46,111,114,98,105,116,82,97,100,105,117,115,13,10,32,32,32,32,41,13,10,13,10)
_lg_t[120]=string.char(32,32,32,32,114,111,111,116,46,65,115,115,101,109,98,108,121,76,105,110,101,97,114,86,101,108,111,99,105,116,121,32,61,32,86,101,99,116,111,114,51,46,122,101,114,111,13,10,32,32,32,32,114,111,111,116,46,67,70,114,97,109,101,32,61,32,67,70,114,97,109,101,46,108,111,111,107,65,116,40,109,111,98,82,111,111,116,46,80,111,115,105,116,105,111,110)
_lg_t[121]=string.char(32,43,32,111,102,102,115,101,116,44,32,109,111,98,82,111,111,116,46,80,111,115,105,116,105,111,110,41,13,10,101,110,100,13,10,13,10,108,111,99,97,108,32,102,117,110,99,116,105,111,110,32,115,116,101,112,70,97,114,109,40,100,116,41,13,10,32,32,32,32,105,102,32,110,111,116,32,99,111,110,102,105,103,46,101,110,97,98,108,101,100,32,116,104,101,110)
_lg_t[122]=string.char(13,10,32,32,32,32,32,32,32,32,114,101,116,117,114,110,13,10,32,32,32,32,101,110,100,13,10,13,10,32,32,32,32,105,102,32,110,111,116,32,115,116,97,116,101,46,116,97,114,103,101,116,32,111,114,32,110,111,116,32,105,115,65,108,105,118,101,40,115,116,97,116,101,46,116,97,114,103,101,116,41,32,111,114,32,103,101,116,68,105,115,116,97,110,99,101)
_lg_t[123]=string.char(40,115,116,97,116,101,46,116,97,114,103,101,116,41,32,62,32,99,111,110,102,105,103,46,102,97,114,109,82,97,110,103,101,32,116,104,101,110,13,10,32,32,32,32,32,32,32,32,115,116,97,116,101,46,116,97,114,103,101,116,32,61,32,99,104,111,111,115,101,84,97,114,103,101,116,40,41,13,10,32,32,32,32,32,32,32,32,115,116,97,116,101,46,97,110,103)
_lg_t[124]=string.char(108,101,32,61,32,48,13,10,32,32,32,32,101,110,100,13,10,13,10,32,32,32,32,111,114,98,105,116,84,97,114,103,101,116,40,100,116,41,13,10,13,10,32,32,32,32,108,111,99,97,108,32,110,111,119,32,61,32,111,115,46,99,108,111,99,107,40,41,13,10,13,10,32,32,32,32,105,102,32,99,111,110,102,105,103,46,97,116,116,97,99,107,69,110,97,98)
_lg_t[125]=string.char(108,101,100,32,97,110,100,32,110,111,119,32,45,32,115,116,97,116,101,46,108,97,115,116,65,116,116,97,99,107,32,62,61,32,99,111,110,102,105,103,46,97,116,116,97,99,107,68,101,108,97,121,32,116,104,101,110,13,10,32,32,32,32,32,32,32,32,115,116,97,116,101,46,108,97,115,116,65,116,116,97,99,107,32,61,32,110,111,119,13,10,13,10,32,32,32)
_lg_t[126]=string.char(32,32,32,32,32,102,111,114,32,95,44,32,109,111,98,32,105,110,32,105,112,97,105,114,115,40,103,101,116,70,97,114,109,84,97,114,103,101,116,115,40,41,41,32,100,111,13,10,32,32,32,32,32,32,32,32,32,32,32,32,102,105,114,101,77,97,103,105,99,66,111,108,116,40,109,111,98,41,13,10,32,32,32,32,32,32,32,32,101,110,100,13,10,13,10,32)
_lg_t[127]=string.char(32,32,32,32,32,32,32,102,105,114,101,70,105,114,101,98,97,108,108,40,41,13,10,32,32,32,32,101,110,100,13,10,13,10,32,32,32,32,105,102,32,99,111,110,102,105,103,46,107,105,108,108,65,117,114,97,69,110,97,98,108,101,100,32,97,110,100,32,110,111,119,32,45,32,115,116,97,116,101,46,108,97,115,116,65,117,114,97,32,62,61,32,99,111,110,102)
_lg_t[128]=string.char(105,103,46,107,105,108,108,65,117,114,97,68,101,108,97,121,32,116,104,101,110,13,10,32,32,32,32,32,32,32,32,115,116,97,116,101,46,108,97,115,116,65,117,114,97,32,61,32,110,111,119,13,10,13,10,32,32,32,32,32,32,32,32,108,111,99,97,108,32,97,117,114,97,84,97,114,103,101,116,115,32,61,32,103,101,116,65,117,114,97,84,97,114,103,101,116)
_lg_t[129]=string.char(115,40,41,13,10,32,32,32,32,32,32,32,32,102,111,114,32,95,44,32,109,111,98,32,105,110,32,105,112,97,105,114,115,40,97,117,114,97,84,97,114,103,101,116,115,41,32,100,111,13,10,32,32,32,32,32,32,32,32,32,32,32,32,105,102,32,102,105,114,101,77,97,103,105,99,66,111,108,116,40,109,111,98,41,32,116,104,101,110,13,10,32,32,32,32,32)
_lg_t[130]=string.char(32,32,32,32,32,32,32,32,32,32,32,115,116,97,116,101,46,97,117,114,97,83,104,111,116,115,32,43,61,32,49,13,10,32,32,32,32,32,32,32,32,32,32,32,32,101,110,100,13,10,32,32,32,32,32,32,32,32,101,110,100,13,10,13,10,32,32,32,32,32,32,32,32,105,102,32,35,97,117,114,97,84,97,114,103,101,116,115,32,62,32,48,32,116,104,101)
_lg_t[131]=string.char(110,13,10,32,32,32,32,32,32,32,32,32,32,32,32,102,105,114,101,70,105,114,101,98,97,108,108,40,41,13,10,32,32,32,32,32,32,32,32,101,110,100,13,10,32,32,32,32,101,110,100,13,10,101,110,100,13,10,13,10,108,111,99,97,108,32,102,117,110,99,116,105,111,110,32,102,111,114,109,97,116,78,117,109,98,101,114,40,118,97,108,117,101,41,13,10)
_lg_t[132]=string.char(32,32,32,32,105,102,32,118,97,108,117,101,32,61,61,32,110,105,108,32,116,104,101,110,13,10,32,32,32,32,32,32,32,32,114,101,116,117,114,110,32,34,63,34,13,10,32,32,32,32,101,110,100,13,10,13,10,32,32,32,32,105,102,32,109,97,116,104,46,97,98,115,40,118,97,108,117,101,32,45,32,109,97,116,104,46,102,108,111,111,114,40,118,97,108,117)
_lg_t[133]=string.char(101,41,41,32,60,32,48,46,48,48,49,32,116,104,101,110,13,10,32,32,32,32,32,32,32,32,114,101,116,117,114,110,32,116,111,115,116,114,105,110,103,40,109,97,116,104,46,102,108,111,111,114,40,118,97,108,117,101,41,41,13,10,32,32,32,32,101,110,100,13,10,13,10,32,32,32,32,114,101,116,117,114,110,32,115,116,114,105,110,103,46,102,111,114,109,97)
_lg_t[134]=string.char(116,40,34,37,46,49,102,34,44,32,118,97,108,117,101,41,13,10,101,110,100,13,10,13,10,108,111,99,97,108,32,102,117,110,99,116,105,111,110,32,116,97,114,103,101,116,84,101,120,116,40,41,13,10,32,32,32,32,105,102,32,110,111,116,32,115,116,97,116,101,46,116,97,114,103,101,116,32,116,104,101,110,13,10,32,32,32,32,32,32,32,32,114,101,116,117)
_lg_t[135]=string.char(114,110,32,34,78,111,110,101,34,13,10,32,32,32,32,101,110,100,13,10,13,10,32,32,32,32,114,101,116,117,114,110,32,115,116,97,116,101,46,116,97,114,103,101,116,46,78,97,109,101,13,10,32,32,32,32,32,32,32,32,46,46,32,34,32,124,32,72,80,32,34,32,46,46,32,102,111,114,109,97,116,78,117,109,98,101,114,40,103,101,116,77,111,98,72,101)
_lg_t[136]=string.char(97,108,116,104,40,115,116,97,116,101,46,116,97,114,103,101,116,41,41,13,10,32,32,32,32,32,32,32,32,46,46,32,34,32,124,32,68,105,115,116,32,34,32,46,46,32,102,111,114,109,97,116,78,117,109,98,101,114,40,103,101,116,68,105,115,116,97,110,99,101,40,115,116,97,116,101,46,116,97,114,103,101,116,41,41,13,10,101,110,100,13,10,13,10,108,111)
_lg_t[137]=string.char(99,97,108,32,119,105,110,100,111,119,32,61,32,70,108,117,120,58,87,105,110,100,111,119,40,13,10,32,32,32,32,34,68,117,110,103,101,111,110,32,72,101,114,111,32,83,99,114,105,112,116,34,44,13,10,32,32,32,32,34,66,121,32,75,114,121,112,116,101,120,34,44,13,10,32,32,32,32,67,111,108,111,114,51,46,102,114,111,109,82,71,66,40,48,44,32)
_lg_t[138]=string.char(49,57,48,44,32,50,53,53,41,44,13,10,32,32,32,32,69,110,117,109,46,75,101,121,67,111,100,101,46,82,105,103,104,116,67,111,110,116,114,111,108,13,10,41,13,10,13,10,108,111,99,97,108,32,99,111,109,98,97,116,84,97,98,32,61,32,119,105,110,100,111,119,58,84,97,98,40,34,67,111,109,98,97,116,34,44,32,34,104,116,116,112,58,47,47,119)
_lg_t[139]=string.char(119,119,46,114,111,98,108,111,120,46,99,111,109,47,97,115,115,101,116,47,63,105,100,61,54,48,50,51,52,50,54,57,49,53,34,41,13,10,108,111,99,97,108,32,111,114,98,105,116,84,97,98,32,61,32,119,105,110,100,111,119,58,84,97,98,40,34,79,114,98,105,116,34,44,32,34,104,116,116,112,58,47,47,119,119,119,46,114,111,98,108,111,120,46,99,111)
_lg_t[140]=string.char(109,47,97,115,115,101,116,47,63,105,100,61,54,48,50,50,54,54,56,56,56,56,34,41,13,10,108,111,99,97,108,32,118,105,115,117,97,108,115,84,97,98,32,61,32,119,105,110,100,111,119,58,84,97,98,40,34,86,105,115,117,97,108,115,34,44,32,34,104,116,116,112,58,47,47,119,119,119,46,114,111,98,108,111,120,46,99,111,109,47,97,115,115,101,116,47)
_lg_t[141]=string.char(63,105,100,61,54,48,50,54,53,54,56,49,57,56,34,41,13,10,108,111,99,97,108,32,115,101,116,116,105,110,103,115,84,97,98,32,61,32,119,105,110,100,111,119,58,84,97,98,40,34,83,101,116,116,105,110,103,115,34,44,32,34,104,116,116,112,58,47,47,119,119,119,46,114,111,98,108,111,120,46,99,111,109,47,97,115,115,101,116,47,63,105,100,61,54,48)
_lg_t[142]=string.char(51,49,50,56,48,56,56,50,34,41,13,10,13,10,99,111,109,98,97,116,84,97,98,58,76,97,98,101,108,40,34,65,117,116,111,102,97,114,109,34,41,13,10,99,111,109,98,97,116,84,97,98,58,76,105,110,101,40,41,13,10,99,111,109,98,97,116,84,97,98,58,84,111,103,103,108,101,40,34,69,110,97,98,108,101,32,83,99,114,105,112,116,34,44,32,34)
_lg_t[143]=string.char(77,97,115,116,101,114,32,115,119,105,116,99,104,32,102,111,114,32,116,104,101,32,102,97,114,109,32,108,111,111,112,46,34,44,32,102,117,110,99,116,105,111,110,40,118,97,108,117,101,41,13,10,32,32,32,32,99,111,110,102,105,103,46,101,110,97,98,108,101,100,32,61,32,118,97,108,117,101,13,10,101,110,100,41,13,10,99,111,109,98,97,116,84,97,98,58)
_lg_t[144]=string.char(84,111,103,103,108,101,40,34,65,116,116,97,99,107,32,69,110,97,98,108,101,100,34,44,32,34,70,105,114,101,115,32,77,97,103,105,99,66,111,108,116,80,114,111,106,101,99,116,105,108,101,32,97,116,32,115,101,108,101,99,116,101,100,32,116,97,114,103,101,116,115,46,34,44,32,102,117,110,99,116,105,111,110,40,118,97,108,117,101,41,13,10,32,32,32,32)
_lg_t[145]=string.char(99,111,110,102,105,103,46,97,116,116,97,99,107,69,110,97,98,108,101,100,32,61,32,118,97,108,117,101,13,10,101,110,100,41,13,10,99,111,109,98,97,116,84,97,98,58,84,111,103,103,108,101,40,34,65,116,116,97,99,107,32,65,108,108,32,77,111,98,115,34,44,32,34,72,105,116,115,32,109,117,108,116,105,112,108,101,32,109,111,98,115,32,112,101,114,32)
_lg_t[146]=string.char(97,116,116,97,99,107,32,99,121,99,108,101,46,34,44,32,102,117,110,99,116,105,111,110,40,118,97,108,117,101,41,13,10,32,32,32,32,99,111,110,102,105,103,46,97,116,116,97,99,107,65,108,108,32,61,32,118,97,108,117,101,13,10,101,110,100,41,13,10,99,111,109,98,97,116,84,97,98,58,68,114,111,112,100,111,119,110,40,34,84,97,114,103,101,116,32)
_lg_t[147]=string.char(77,111,100,101,34,44,32,123,32,34,78,101,97,114,101,115,116,34,44,32,34,76,111,119,101,115,116,32,72,80,34,44,32,34,72,105,103,104,101,115,116,32,72,80,34,44,32,34,70,97,114,116,104,101,115,116,34,44,32,34,82,97,110,100,111,109,34,32,125,44,32,102,117,110,99,116,105,111,110,40,118,97,108,117,101,41,13,10,32,32,32,32,99,111,110,102)
_lg_t[148]=string.char(105,103,46,116,97,114,103,101,116,77,111,100,101,32,61,32,118,97,108,117,101,13,10,32,32,32,32,115,116,97,116,101,46,116,97,114,103,101,116,32,61,32,99,104,111,111,115,101,84,97,114,103,101,116,40,41,13,10,32,32,32,32,115,116,97,116,101,46,97,110,103,108,101,32,61,32,48,13,10,101,110,100,41,13,10,99,111,109,98,97,116,84,97,98,58,83)
_lg_t[149]=string.char(108,105,100,101,114,40,34,65,116,116,97,99,107,32,68,101,108,97,121,34,44,32,34,76,111,119,101,114,32,109,101,97,110,115,32,102,97,115,116,101,114,32,77,97,103,105,99,66,111,108,116,32,102,105,114,105,110,103,46,34,44,32,48,46,48,53,44,32,49,46,53,44,32,99,111,110,102,105,103,46,97,116,116,97,99,107,68,101,108,97,121,44,32,102,117,110)
_lg_t[150]=string.char(99,116,105,111,110,40,118,97,108,117,101,41,13,10,32,32,32,32,99,111,110,102,105,103,46,97,116,116,97,99,107,68,101,108,97,121,32,61,32,118,97,108,117,101,13,10,101,110,100,41,13,10,99,111,109,98,97,116,84,97,98,58,83,108,105,100,101,114,40,34,70,97,114,109,32,82,97,110,103,101,34,44,32,34,77,97,120,105,109,117,109,32,114,97,110,103)
_lg_t[151]=string.char(101,32,102,111,114,32,110,111,114,109,97,108,32,97,117,116,111,102,97,114,109,32,116,97,114,103,101,116,105,110,103,46,34,44,32,53,48,44,32,50,48,48,48,44,32,99,111,110,102,105,103,46,102,97,114,109,82,97,110,103,101,44,32,102,117,110,99,116,105,111,110,40,118,97,108,117,101,41,13,10,32,32,32,32,99,111,110,102,105,103,46,102,97,114,109,82)
_lg_t[152]=string.char(97,110,103,101,32,61,32,118,97,108,117,101,13,10,101,110,100,41,13,10,99,111,109,98,97,116,84,97,98,58,83,108,105,100,101,114,40,34,77,97,120,32,70,97,114,109,32,84,97,114,103,101,116,115,34,44,32,34,72,111,119,32,109,97,110,121,32,109,111,98,115,32,97,116,116,97,99,107,45,97,108,108,32,99,97,110,32,104,105,116,46,34,44,32,49,44)
_lg_t[153]=string.char(32,51,48,44,32,99,111,110,102,105,103,46,109,97,120,84,97,114,103,101,116,115,44,32,102,117,110,99,116,105,111,110,40,118,97,108,117,101,41,13,10,32,32,32,32,99,111,110,102,105,103,46,109,97,120,84,97,114,103,101,116,115,32,61,32,109,97,116,104,46,102,108,111,111,114,40,118,97,108,117,101,41,13,10,101,110,100,41,13,10,99,111,109,98,97,116)
_lg_t[154]=string.char(84,97,98,58,76,105,110,101,40,41,13,10,99,111,109,98,97,116,84,97,98,58,76,97,98,101,108,40,34,75,105,108,108,32,65,117,114,97,34,41,13,10,99,111,109,98,97,116,84,97,98,58,84,111,103,103,108,101,40,34,75,105,108,108,32,65,117,114,97,32,69,110,97,98,108,101,100,34,44,32,34,80,117,108,115,101,115,32,110,101,97,114,98,121,32,109)
_lg_t[155]=string.char(111,98,115,32,105,110,115,105,100,101,32,116,104,101,32,97,117,114,97,32,114,97,100,105,117,115,46,34,44,32,102,117,110,99,116,105,111,110,40,118,97,108,117,101,41,13,10,32,32,32,32,99,111,110,102,105,103,46,107,105,108,108,65,117,114,97,69,110,97,98,108,101,100,32,61,32,118,97,108,117,101,13,10,101,110,100,41,13,10,99,111,109,98,97,116,84)
_lg_t[156]=string.char(97,98,58,83,108,105,100,101,114,40,34,75,105,108,108,32,65,117,114,97,32,82,97,100,105,117,115,34,44,32,34,78,101,97,114,98,121,32,114,97,110,103,101,32,102,111,114,32,97,117,114,97,32,112,117,108,115,101,115,46,34,44,32,53,44,32,50,53,48,44,32,99,111,110,102,105,103,46,107,105,108,108,65,117,114,97,82,97,100,105,117,115,44,32,102,117)
_lg_t[157]=string.char(110,99,116,105,111,110,40,118,97,108,117,101,41,13,10,32,32,32,32,99,111,110,102,105,103,46,107,105,108,108,65,117,114,97,82,97,100,105,117,115,32,61,32,118,97,108,117,101,13,10,101,110,100,41,13,10,99,111,109,98,97,116,84,97,98,58,83,108,105,100,101,114,40,34,75,105,108,108,32,65,117,114,97,32,68,101,108,97,121,34,44,32,34,76,111,119)
_lg_t[158]=string.char(101,114,32,109,101,97,110,115,32,102,97,115,116,101,114,32,97,117,114,97,32,112,117,108,115,101,115,46,34,44,32,48,46,48,51,44,32,49,44,32,99,111,110,102,105,103,46,107,105,108,108,65,117,114,97,68,101,108,97,121,44,32,102,117,110,99,116,105,111,110,40,118,97,108,117,101,41,13,10,32,32,32,32,99,111,110,102,105,103,46,107,105,108,108,65,117)
_lg_t[159]=string.char(114,97,68,101,108,97,121,32,61,32,118,97,108,117,101,13,10,101,110,100,41,13,10,99,111,109,98,97,116,84,97,98,58,83,108,105,100,101,114,40,34,75,105,108,108,32,65,117,114,97,32,84,97,114,103,101,116,115,34,44,32,34,72,111,119,32,109,97,110,121,32,109,111,98,115,32,116,104,101,32,97,117,114,97,32,99,97,110,32,104,105,116,32,112,101,114)
_lg_t[160]=string.char(32,112,117,108,115,101,46,34,44,32,49,44,32,52,48,44,32,99,111,110,102,105,103,46,107,105,108,108,65,117,114,97,84,97,114,103,101,116,115,44,32,102,117,110,99,116,105,111,110,40,118,97,108,117,101,41,13,10,32,32,32,32,99,111,110,102,105,103,46,107,105,108,108,65,117,114,97,84,97,114,103,101,116,115,32,61,32,109,97,116,104,46,102,108,111,111)
_lg_t[161]=string.char(114,40,118,97,108,117,101,41,13,10,101,110,100,41,13,10,99,111,109,98,97,116,84,97,98,58,66,117,116,116,111,110,40,34,82,101,102,114,101,115,104,32,84,97,114,103,101,116,34,44,32,34,70,105,110,100,115,32,97,32,110,101,119,32,116,97,114,103,101,116,32,110,111,119,46,34,44,32,102,117,110,99,116,105,111,110,40,41,13,10,32,32,32,32,115,116)
_lg_t[162]=string.char(97,116,101,46,116,97,114,103,101,116,32,61,32,99,104,111,111,115,101,84,97,114,103,101,116,40,41,13,10,32,32,32,32,115,116,97,116,101,46,97,110,103,108,101,32,61,32,48,13,10,32,32,32,32,110,111,116,105,102,121,40,34,84,97,114,103,101,116,58,32,34,32,46,46,32,116,97,114,103,101,116,84,101,120,116,40,41,44,32,34,78,105,99,101,34,41)
_lg_t[163]=string.char(13,10,101,110,100,41,13,10,99,111,109,98,97,116,84,97,98,58,66,105,110,100,40,34,84,111,103,103,108,101,32,70,97,114,109,34,44,32,69,110,117,109,46,75,101,121,67,111,100,101,46,70,44,32,102,117,110,99,116,105,111,110,40,41,13,10,32,32,32,32,99,111,110,102,105,103,46,101,110,97,98,108,101,100,32,61,32,110,111,116,32,99,111,110,102,105)
_lg_t[164]=string.char(103,46,101,110,97,98,108,101,100,13,10,32,32,32,32,110,111,116,105,102,121,40,99,111,110,102,105,103,46,101,110,97,98,108,101,100,32,97,110,100,32,34,70,97,114,109,32,101,110,97,98,108,101,100,34,32,111,114,32,34,70,97,114,109,32,100,105,115,97,98,108,101,100,34,44,32,34,79,75,34,41,13,10,101,110,100,41,13,10,13,10,111,114,98,105,116)
_lg_t[165]=string.char(84,97,98,58,76,97,98,101,108,40,34,77,111,118,101,109,101,110,116,34,41,13,10,111,114,98,105,116,84,97,98,58,76,105,110,101,40,41,13,10,111,114,98,105,116,84,97,98,58,84,111,103,103,108,101,40,34,79,114,98,105,116,32,69,110,101,109,121,34,44,32,34,77,111,118,101,115,32,121,111,117,114,32,99,104,97,114,97,99,116,101,114,32,105,110,32)
_lg_t[166]=string.char(97,32,99,105,114,99,108,101,32,97,114,111,117,110,100,32,116,104,101,32,116,97,114,103,101,116,46,34,44,32,102,117,110,99,116,105,111,110,40,118,97,108,117,101,41,13,10,32,32,32,32,99,111,110,102,105,103,46,111,114,98,105,116,69,110,97,98,108,101,100,32,61,32,118,97,108,117,101,13,10,101,110,100,41,13,10,111,114,98,105,116,84,97,98,58,83)
_lg_t[167]=string.char(108,105,100,101,114,40,34,79,114,98,105,116,32,82,97,100,105,117,115,34,44,32,34,67,105,114,99,108,101,32,115,105,122,101,32,97,114,111,117,110,100,32,116,104,101,32,116,97,114,103,101,116,46,34,44,32,51,44,32,51,53,44,32,99,111,110,102,105,103,46,111,114,98,105,116,82,97,100,105,117,115,44,32,102,117,110,99,116,105,111,110,40,118,97,108,117)
_lg_t[168]=string.char(101,41,13,10,32,32,32,32,99,111,110,102,105,103,46,111,114,98,105,116,82,97,100,105,117,115,32,61,32,118,97,108,117,101,13,10,101,110,100,41,13,10,111,114,98,105,116,84,97,98,58,83,108,105,100,101,114,40,34,79,114,98,105,116,32,72,101,105,103,104,116,34,44,32,34,72,101,105,103,104,116,32,97,98,111,118,101,32,116,104,101,32,116,97,114,103)
_lg_t[169]=string.char(101,116,46,34,44,32,48,44,32,50,53,44,32,99,111,110,102,105,103,46,111,114,98,105,116,72,101,105,103,104,116,44,32,102,117,110,99,116,105,111,110,40,118,97,108,117,101,41,13,10,32,32,32,32,99,111,110,102,105,103,46,111,114,98,105,116,72,101,105,103,104,116,32,61,32,118,97,108,117,101,13,10,101,110,100,41,13,10,111,114,98,105,116,84,97,98)
_lg_t[170]=string.char(58,83,108,105,100,101,114,40,34,79,114,98,105,116,32,83,112,101,101,100,34,44,32,34,72,111,119,32,102,97,115,116,32,121,111,117,32,99,105,114,99,108,101,32,116,104,101,32,116,97,114,103,101,116,46,34,44,32,48,46,53,44,32,49,56,44,32,99,111,110,102,105,103,46,111,114,98,105,116,83,112,101,101,100,44,32,102,117,110,99,116,105,111,110,40,118)
_lg_t[171]=string.char(97,108,117,101,41,13,10,32,32,32,32,99,111,110,102,105,103,46,111,114,98,105,116,83,112,101,101,100,32,61,32,118,97,108,117,101,13,10,101,110,100,41,13,10,111,114,98,105,116,84,97,98,58,66,117,116,116,111,110,40,34,84,101,108,101,112,111,114,116,32,84,111,32,84,97,114,103,101,116,34,44,32,34,77,111,118,101,115,32,98,101,115,105,100,101,32)
_lg_t[172]=string.char(116,104,101,32,99,117,114,114,101,110,116,32,116,97,114,103,101,116,46,34,44,32,102,117,110,99,116,105,111,110,40,41,13,10,32,32,32,32,108,111,99,97,108,32,114,111,111,116,32,61,32,103,101,116,82,111,111,116,40,41,13,10,32,32,32,32,108,111,99,97,108,32,109,111,98,82,111,111,116,32,61,32,103,101,116,77,111,98,82,111,111,116,40,115,116,97)
_lg_t[173]=string.char(116,101,46,116,97,114,103,101,116,41,13,10,13,10,32,32,32,32,105,102,32,114,111,111,116,32,97,110,100,32,109,111,98,82,111,111,116,32,116,104,101,110,13,10,32,32,32,32,32,32,32,32,114,111,111,116,46,67,70,114,97,109,101,32,61,32,67,70,114,97,109,101,46,108,111,111,107,65,116,40,13,10,32,32,32,32,32,32,32,32,32,32,32,32,109,111)
_lg_t[174]=string.char(98,82,111,111,116,46,80,111,115,105,116,105,111,110,32,43,32,86,101,99,116,111,114,51,46,110,101,119,40,99,111,110,102,105,103,46,111,114,98,105,116,82,97,100,105,117,115,44,32,99,111,110,102,105,103,46,111,114,98,105,116,72,101,105,103,104,116,44,32,48,41,44,13,10,32,32,32,32,32,32,32,32,32,32,32,32,109,111,98,82,111,111,116,46,80,111)
_lg_t[175]=string.char(115,105,116,105,111,110,13,10,32,32,32,32,32,32,32,32,41,13,10,32,32,32,32,32,32,32,32,110,111,116,105,102,121,40,34,84,101,108,101,112,111,114,116,101,100,32,116,111,32,116,97,114,103,101,116,46,34,44,32,34,79,75,34,41,13,10,32,32,32,32,101,108,115,101,13,10,32,32,32,32,32,32,32,32,110,111,116,105,102,121,40,34,78,111,32,116)
_lg_t[176]=string.char(97,114,103,101,116,32,102,111,117,110,100,46,34,44,32,34,79,75,34,41,13,10,32,32,32,32,101,110,100,13,10,101,110,100,41,13,10,13,10,118,105,115,117,97,108,115,84,97,98,58,76,97,98,101,108,40,34,82,101,97,100,111,117,116,115,32,117,112,100,97,116,101,32,105,110,32,110,111,116,105,102,105,99,97,116,105,111,110,115,47,98,117,116,116,111,110)
_lg_t[177]=string.char(115,44,32,70,108,117,120,32,108,97,98,101,108,115,32,97,114,101,32,115,116,97,116,105,99,46,34,41,13,10,118,105,115,117,97,108,115,84,97,98,58,76,105,110,101,40,41,13,10,118,105,115,117,97,108,115,84,97,98,58,84,111,103,103,108,101,40,34,84,97,114,103,101,116,32,72,105,103,104,108,105,103,104,116,34,44,32,34,72,105,103,104,108,105,103,104)
_lg_t[178]=string.char(116,115,32,116,104,101,32,99,117,114,114,101,110,116,32,109,111,98,32,116,97,114,103,101,116,46,34,44,32,102,117,110,99,116,105,111,110,40,118,97,108,117,101,41,13,10,32,32,32,32,99,111,110,102,105,103,46,104,105,103,104,108,105,103,104,116,84,97,114,103,101,116,32,61,32,118,97,108,117,101,13,10,101,110,100,41,13,10,118,105,115,117,97,108,115,84)
_lg_t[179]=string.char(97,98,58,66,117,116,116,111,110,40,34,83,104,111,119,32,67,117,114,114,101,110,116,32,84,97,114,103,101,116,34,44,32,34,68,105,115,112,108,97,121,115,32,99,117,114,114,101,110,116,32,116,97,114,103,101,116,32,115,116,97,116,115,46,34,44,32,102,117,110,99,116,105,111,110,40,41,13,10,32,32,32,32,110,111,116,105,102,121,40,34,84,97,114,103,101)
_lg_t[180]=string.char(116,58,32,34,32,46,46,32,116,97,114,103,101,116,84,101,120,116,40,41,44,32,34,79,75,34,41,13,10,101,110,100,41,13,10,118,105,115,117,97,108,115,84,97,98,58,66,117,116,116,111,110,40,34,83,104,111,119,32,70,97,114,109,32,83,116,97,116,115,34,44,32,34,68,105,115,112,108,97,121,115,32,109,111,98,32,97,110,100,32,115,104,111,116,32,99)
_lg_t[181]=string.char(111,117,110,116,101,114,115,46,34,44,32,102,117,110,99,116,105,111,110,40,41,13,10,32,32,32,32,110,111,116,105,102,121,40,13,10,32,32,32,32,32,32,32,32,34,77,111,98,115,58,32,34,32,46,46,32,116,111,115,116,114,105,110,103,40,115,116,97,116,101,46,109,111,98,115,41,13,10,32,32,32,32,32,32,32,32,32,32,32,32,46,46,32,34,32,124)
_lg_t[182]=string.char(32,83,104,111,116,115,58,32,34,32,46,46,32,116,111,115,116,114,105,110,103,40,115,116,97,116,101,46,115,104,111,116,115,41,13,10,32,32,32,32,32,32,32,32,32,32,32,32,46,46,32,34,32,124,32,65,117,114,97,58,32,34,32,46,46,32,116,111,115,116,114,105,110,103,40,115,116,97,116,101,46,97,117,114,97,83,104,111,116,115,41,13,10,32,32,32)
_lg_t[183]=string.char(32,32,32,32,32,32,32,32,32,46,46,32,34,32,124,32,69,114,114,111,114,58,32,34,32,46,46,32,115,116,97,116,101,46,108,97,115,116,69,114,114,111,114,44,13,10,32,32,32,32,32,32,32,32,34,79,75,34,13,10,32,32,32,32,41,13,10,101,110,100,41,13,10,13,10,115,101,116,116,105,110,103,115,84,97,98,58,76,97,98,101,108,40,34,80,114)
_lg_t[184]=string.char(111,106,101,99,116,105,108,101,34,41,13,10,115,101,116,116,105,110,103,115,84,97,98,58,76,105,110,101,40,41,13,10,115,101,116,116,105,110,103,115,84,97,98,58,84,101,120,116,98,111,120,40,34,80,114,111,106,101,99,116,105,108,101,32,78,97,109,101,34,44,32,34,68,101,102,97,117,108,116,58,32,77,97,103,105,99,66,111,108,116,80,114,111,106,101,99)
_lg_t[185]=string.char(116,105,108,101,34,44,32,116,114,117,101,44,32,102,117,110,99,116,105,111,110,40,118,97,108,117,101,41,13,10,32,32,32,32,105,102,32,118,97,108,117,101,32,97,110,100,32,118,97,108,117,101,32,126,61,32,34,34,32,116,104,101,110,13,10,32,32,32,32,32,32,32,32,99,111,110,102,105,103,46,112,114,111,106,101,99,116,105,108,101,78,97,109,101,32,61)
_lg_t[186]=string.char(32,118,97,108,117,101,13,10,32,32,32,32,101,110,100,13,10,101,110,100,41,13,10,115,101,116,116,105,110,103,115,84,97,98,58,83,108,105,100,101,114,40,34,80,114,111,106,101,99,116,105,108,101,32,83,112,101,101,100,34,44,32,34,83,101,110,116,32,97,115,32,97,114,103,117,109,101,110,116,32,91,51,93,91,51,93,46,34,44,32,53,44,32,50,48,48)
_lg_t[187]=string.char(44,32,99,111,110,102,105,103,46,112,114,111,106,101,99,116,105,108,101,83,112,101,101,100,44,32,102,117,110,99,116,105,111,110,40,118,97,108,117,101,41,13,10,32,32,32,32,99,111,110,102,105,103,46,112,114,111,106,101,99,116,105,108,101,83,112,101,101,100,32,61,32,118,97,108,117,101,13,10,101,110,100,41,13,10,115,101,116,116,105,110,103,115,84,97,98)
_lg_t[188]=string.char(58,83,108,105,100,101,114,40,34,80,114,111,106,101,99,116,105,108,101,32,76,105,102,101,116,105,109,101,34,44,32,34,83,101,110,116,32,97,115,32,97,114,103,117,109,101,110,116,32,91,51,93,91,52,93,46,34,44,32,49,44,32,50,48,44,32,99,111,110,102,105,103,46,112,114,111,106,101,99,116,105,108,101,76,105,102,101,116,105,109,101,44,32,102,117,110)
_lg_t[189]=string.char(99,116,105,111,110,40,118,97,108,117,101,41,13,10,32,32,32,32,99,111,110,102,105,103,46,112,114,111,106,101,99,116,105,108,101,76,105,102,101,116,105,109,101,32,61,32,118,97,108,117,101,13,10,101,110,100,41,13,10,115,101,116,116,105,110,103,115,84,97,98,58,83,108,105,100,101,114,40,34,65,105,109,32,72,101,105,103,104,116,34,44,32,34,86,101,114)
_lg_t[190]=string.char(116,105,99,97,108,32,97,105,109,32,111,102,102,115,101,116,32,111,110,32,109,111,98,115,46,34,44,32,45,53,44,32,49,50,44,32,99,111,110,102,105,103,46,97,105,109,72,101,105,103,104,116,44,32,102,117,110,99,116,105,111,110,40,118,97,108,117,101,41,13,10,32,32,32,32,99,111,110,102,105,103,46,97,105,109,72,101,105,103,104,116,32,61,32,118,97)
_lg_t[191]=string.char(108,117,101,13,10,101,110,100,41,13,10,115,101,116,116,105,110,103,115,84,97,98,58,84,111,103,103,108,101,40,34,65,108,115,111,32,70,105,114,101,32,70,105,114,101,98,97,108,108,32,83,107,105,108,108,34,44,32,34,65,108,115,111,32,99,97,108,108,115,32,82,101,109,111,116,101,115,46,85,115,101,83,107,105,108,108,32,70,105,114,101,98,97,108,108,32)
_lg_t[192]=string.char(105,102,32,105,116,32,101,120,105,115,116,115,46,34,44,32,102,117,110,99,116,105,111,110,40,118,97,108,117,101,41,13,10,32,32,32,32,99,111,110,102,105,103,46,102,105,114,101,98,97,108,108,83,107,105,108,108,32,61,32,118,97,108,117,101,13,10,101,110,100,41,13,10,115,101,116,116,105,110,103,115,84,97,98,58,66,117,116,116,111,110,40,34,80,97,110)
_lg_t[193]=string.char(105,99,32,83,116,111,112,34,44,32,34,84,117,114,110,115,32,111,102,102,32,102,97,114,109,44,32,97,117,114,97,44,32,97,116,116,97,99,107,115,44,32,97,110,100,32,111,114,98,105,116,46,34,44,32,102,117,110,99,116,105,111,110,40,41,13,10,32,32,32,32,99,111,110,102,105,103,46,101,110,97,98,108,101,100,32,61,32,102,97,108,115,101,13,10,32)
_lg_t[194]=string.char(32,32,32,99,111,110,102,105,103,46,97,116,116,97,99,107,69,110,97,98,108,101,100,32,61,32,102,97,108,115,101,13,10,32,32,32,32,99,111,110,102,105,103,46,107,105,108,108,65,117,114,97,69,110,97,98,108,101,100,32,61,32,102,97,108,115,101,13,10,32,32,32,32,99,111,110,102,105,103,46,111,114,98,105,116,69,110,97,98,108,101,100,32,61,32,102)
_lg_t[195]=string.char(97,108,115,101,13,10,32,32,32,32,110,111,116,105,102,121,40,34,80,97,110,105,99,32,115,116,111,112,32,101,110,97,98,108,101,100,46,34,44,32,34,79,75,34,41,13,10,101,110,100,41,13,10,13,10,112,108,97,121,101,114,46,67,104,97,114,97,99,116,101,114,65,100,100,101,100,58,67,111,110,110,101,99,116,40,102,117,110,99,116,105,111,110,40,41,13)
_lg_t[196]=string.char(10,32,32,32,32,116,97,115,107,46,119,97,105,116,40,49,41,13,10,32,32,32,32,115,116,97,116,101,46,116,97,114,103,101,116,32,61,32,99,104,111,111,115,101,84,97,114,103,101,116,40,41,13,10,32,32,32,32,115,116,97,116,101,46,97,110,103,108,101,32,61,32,48,13,10,101,110,100,41,13,10,13,10,82,117,110,83,101,114,118,105,99,101,46,82,101)
_lg_t[197]=string.char(110,100,101,114,83,116,101,112,112,101,100,58,67,111,110,110,101,99,116,40,102,117,110,99,116,105,111,110,40,100,116,41,13,10,32,32,32,32,115,116,101,112,70,97,114,109,40,100,116,41,13,10,32,32,32,32,117,112,100,97,116,101,72,105,103,104,108,105,103,104,116,40,41,13,10,101,110,100,41,13,10,13,10,110,111,116,105,102,121,40,34,68,117,110,103,101)
_lg_t[198]=string.char(111,110,32,72,101,114,111,32,83,99,114,105,112,116,32,108,111,97,100,101,100,46,32,80,114,101,115,115,32,82,105,103,104,116,67,111,110,116,114,111,108,32,116,111,32,104,105,100,101,47,115,104,111,119,32,70,108,117,120,85,73,46,34,44,32,34,79,75,34,41,13,10)
local _lg_src=table.concat(_lg_t)
_lg_t=nil
local function _lg_sum(s)
local h=0
for i=1,#s do h=(h+(string.byte(s,i)*i))%4294967291 end
return h
end
if _lg_sum(_lg_src)~=1359867913 then error('LauGaurd: checksum mismatch') end
local _lg_fn,_lg_err=_lg_load(_lg_src)
if not _lg_fn then error(_lg_err) end
return _lg_fn(...)
